Lipid,Sample_ID,db,Parent_Ion,Product_Ion,Retention_Time,OzESI_Intensity,Biology,Genotype,FAC,TG,Group,Max_Intensity,Cluster_RT,Cluster_Ground_Truth_Dif,Area,Area_DDT,Area_DDT_Ratio,Mouse,SLBG_group
[TG(52:5)]_FA16:1,11282023_DOD94_F3_WT_cereb_O3on_01,n-7,788.7,599.5,12.02,673.0,cereb,WT,FA16:1,TG(52:5),120,673.0,12.0152,0.015200000000000102,51.0,36.0,0.0,DOD94_F3,14
[TG(52:5)]_FA16:1,11282023_FAD185_M4_WT_cereb_O3on_01,n-7,788.7,599.5,12.02,26428.0,cereb,WT,FA16:1,TG(52:5),123,26428.0,12.015183333333335,0.015183333333334659,2811.0,2229.0,0.12,FAD185_M4,19
[TG(52:5)]_FA16:1,11282023_FAD185_M4_WT_cereb_O3on_01,n-9,760.7,599.5,12.07,2939.0,cereb,WT,FA16:1,TG(52:5),143,2939.0,12.0675,0.06750000000000078,283.0,271.0,0.12,FAD185_M4,19
[TG(52:5)]_FA16:1,11282023_FAD189_M3_WT_cereb_O3on_01,n-7,788.7,599.5,12.02,6437.0,cereb,WT,FA16:1,TG(52:5),124,6437.0,12.015233333333335,0.015233333333334542,616.0,616.0,0.12,FAD189_M3,23
[TG(52:5)]_FA16:1,11282023_FAD189_M3_WT_cereb_O3on_01,n-9,760.7,599.5,12.07,1045.0,cereb,WT,FA16:1,TG(52:5),144,1045.0,12.067533333333333,0.06753333333333345,86.0,74.0,0.12,FAD189_M3,23
[TG(52:5)]_FA16:1,11282023_DOD94_F3_WT_cortex_O3on_01,n-7,788.7,599.5,12.02,1126.0,cortex,WT,FA16:1,TG(52:5),125,1126.0,12.0152,0.015200000000000102,78.0,59.0,0.0,DOD94_F3,15
[TG(52:5)]_FA16:1,11282023_FAD184_F3_WT_cortex_O3on_01,n-7,788.7,599.5,12.02,3221.0,cortex,WT,FA16:1,TG(52:5),126,3221.0,12.015450000000001,0.015450000000001296,260.0,251.0,0.0,FAD184_F3,17
[TG(52:5)]_FA16:1,11282023_FAD185_M4_WT_cortex_O3on_01,n-7,788.7,599.5,12.02,16896.0,cortex,WT,FA16:1,TG(52:5),128,16896.0,12.0152,0.015200000000000102,1650.0,1626.0,0.16,FAD185_M4,20
[TG(52:5)]_FA16:1,11282023_FAD185_M4_WT_cortex_O3on_01,n-9,760.7,599.5,12.07,3054.0,cortex,WT,FA16:1,TG(52:5),148,3054.0,12.0675,0.06750000000000078,266.0,253.0,0.16,FAD185_M4,20
[TG(52:5)]_FA16:1,11282023_FAD189_M3_WT_cortex_O3on_01,n-7,788.7,599.5,11.97,17455.0,cortex,WT,FA16:1,TG(52:5),129,17455.0,11.9708,0.02919999999999945,1827.0,1736.0,0.09,FAD189_M3,24
[TG(52:5)]_FA16:1,11282023_FAD189_M3_WT_cortex_O3on_01,n-9,760.7,599.5,12.07,1638.0,cortex,WT,FA16:1,TG(52:5),149,1638.0,12.067516666666668,0.067516666666668,185.0,163.0,0.09,FAD189_M3,24
[TG(52:5)]_FA16:1,11282023_DOD94_F3_WT_dienc_O3on_01,n-7,788.7,599.5,12.1,1567.0,dienc,WT,FA16:1,TG(52:5),130,1567.0,12.104016666666666,0.10401666666666642,108.0,79.0,0.0,DOD94_F3,16
[TG(52:5)]_FA16:1,11282023_FAD184_F3_WT_dienc_O3on_01,n-7,788.7,599.5,12.06,512.0,dienc,WT,FA16:1,TG(52:5),131,512.0,12.059600000000001,0.05960000000000143,36.0,24.0,0.0,FAD184_F3,18
[TG(52:5)]_FA16:1,11282023_FAD185_M4_WT_dienc_O3on_01,n-7,788.7,599.5,12.02,1840.0,dienc,WT,FA16:1,TG(52:5),133,1840.0,12.015166666666667,0.015166666666667439,154.0,159.0,0.0,FAD185_M4,21
[TG(52:5)]_FA16:1,11282023_FAD189_M3_WT_dienc_O3on_01,n-7,788.7,599.5,12.02,1849.0,dienc,WT,FA16:1,TG(52:5),134,1849.0,12.015450000000001,0.015450000000001296,194.0,179.0,0.0,FAD189_M3,25
[TG(52:5)]_FA16:1,11282023_FAD185_M4_WT_hippo_O3on_01,n-7,788.7,599.5,12.06,539.0,hippo,WT,FA16:1,TG(52:5),138,539.0,12.059883333333334,0.05988333333333351,71.0,73.0,0.0,FAD185_M4,22
[TG(50:3)]_FA18:1,11282023_DOD94_F3_WT_cereb_O3on_01,n-9,736.7,547.5,13.32,559.0,cereb,WT,FA18:1,TG(50:3),60,559.0,13.3156,0.01440000000000019,121.0,110.0,,DOD94_F3,0
[TG(50:3)]_FA18:1,11282023_FAD184_F4_WT_cereb_O3on_01,n-9,736.7,547.5,13.36,665.0,cereb,WT,FA18:1,TG(50:3),62,665.0,13.360000000000001,0.030000000000001137,128.0,142.0,,FAD184_F4,5
[TG(50:3)]_FA18:1,11282023_FAD185_M4_WT_cereb_O3on_01,n-7,764.7,547.5,13.27,881.0,cereb,WT,FA18:1,TG(50:3),43,881.0,13.265583333333334,0.06441666666666634,87.0,56.0,13.5,FAD185_M4,7
[TG(50:3)]_FA18:1,11282023_FAD185_M4_WT_cereb_O3on_01,n-9,736.7,547.5,13.36,5801.0,cereb,WT,FA18:1,TG(50:3),63,5801.0,13.359983333333334,0.029983333333333917,910.0,756.0,13.5,FAD185_M4,7
[TG(50:3)]_FA18:1,11282023_FAD189_M3_WT_cereb_O3on_01,n-9,736.7,547.5,13.36,1821.0,cereb,WT,FA18:1,TG(50:3),64,1821.0,13.360033333333334,0.0300333333333338,344.0,314.0,,FAD189_M3,11
[TG(50:3)]_FA18:1,11282023_FAD184_F3_WT_cortex_O3on_01,n-9,736.7,547.5,13.23,2524.0,cortex,WT,FA18:1,TG(50:3),66,2524.0,13.226783333333334,0.10321666666666651,430.0,410.0,,FAD184_F3,3
[TG(50:3)]_FA18:1,11282023_FAD185_M4_WT_cortex_O3on_01,n-7,764.7,547.5,13.18,413.0,cortex,WT,FA18:1,TG(50:3),48,413.0,13.176783333333335,0.15321666666666545,57.0,47.0,10.0,FAD185_M4,8
[TG(50:3)]_FA18:1,11282023_FAD185_M4_WT_cortex_O3on_01,n-9,736.7,547.5,13.36,3674.0,cortex,WT,FA18:1,TG(50:3),68,3674.0,13.360000000000001,0.030000000000001137,460.0,470.0,10.0,FAD185_M4,8
[TG(50:3)]_FA18:1,11282023_FAD189_M3_WT_cortex_O3on_01,n-10,722.7,547.5,13.3,402.0,cortex,WT,FA18:1,TG(50:3),9,402.0,13.3612,0.031200000000000117,33.0,29.0,,FAD189_M3,12
[TG(50:3)]_FA18:1,11282023_FAD189_M3_WT_cortex_O3on_01,n-9,736.7,547.5,13.32,6918.0,cortex,WT,FA18:1,TG(50:3),69,6918.0,13.3156,0.01440000000000019,965.0,783.0,,FAD189_M3,12
[TG(50:3)]_FA18:1,11282023_DOD94_F3_WT_dienc_O3on_01,n-9,736.7,547.5,13.32,1334.0,dienc,WT,FA18:1,TG(50:3),70,1334.0,13.315616666666667,0.01438333333333297,225.0,239.0,,DOD94_F3,1
[TG(50:3)]_FA18:1,11282023_FAD184_F3_WT_dienc_O3on_01,n-9,736.7,547.5,13.18,686.0,dienc,WT,FA18:1,TG(50:3),71,686.0,13.182366666666667,0.14763333333333328,110.0,103.0,,FAD184_F3,4
[TG(50:3)]_FA18:1,11282023_FAD184_F4_WT_dienc_O3on_01,n-9,736.7,547.5,13.23,591.0,dienc,WT,FA18:1,TG(50:3),72,591.0,13.226783333333334,0.10321666666666651,99.0,154.0,,FAD184_F4,6
[TG(50:3)]_FA18:1,11282023_FAD185_M4_WT_dienc_O3on_01,n-9,736.7,547.5,13.23,424.0,dienc,WT,FA18:1,TG(50:3),73,424.0,13.226750000000001,0.10324999999999918,71.0,47.0,,FAD185_M4,9
[TG(50:3)]_FA18:1,11282023_FAD189_M3_WT_dienc_O3on_01,n-9,736.7,547.5,13.36,1042.0,dienc,WT,FA18:1,TG(50:3),74,1042.0,13.360000000000001,0.030000000000001137,175.0,163.0,,FAD189_M3,13
[TG(50:3)]_FA18:1,11282023_DOD94_F3_WT_hippo_O3on_01,n-9,736.7,547.5,13.36,667.0,hippo,WT,FA18:1,TG(50:3),75,667.0,13.360000000000001,0.030000000000001137,98.0,106.0,,DOD94_F3,2
[TG(50:3)]_FA18:1,11282023_FAD185_M4_WT_hippo_O3on_01,n-9,736.7,547.5,13.45,578.0,hippo,WT,FA18:1,TG(50:3),78,578.0,13.44885,0.11885000000000012,104.0,104.0,,FAD185_M4,10
[TG(54:5)]_FA18:1,11282023_DOD94_F3_WT_cereb_O3on_01,n-9,788.7,599.5,13.3,778.0,cereb,WT,FA18:1,TG(54:5),220,778.0,13.303266666666667,0.06326666666666725,77.0,43.0,,DOD94_F3,26
[TG(54:5)]_FA18:1,11282023_FAD184_F3_WT_cereb_O3on_01,n-9,788.7,599.5,13.26,987.0,cereb,WT,FA18:1,TG(54:5),221,987.0,13.258583333333334,0.01858333333333384,84.0,86.0,,FAD184_F3,29
[TG(54:5)]_FA18:1,11282023_FAD185_M4_WT_cereb_O3on_01,n-7,816.7,599.5,13.16,9256.0,cereb,WT,FA18:1,TG(54:5),203,9256.0,13.1615,0.07850000000000001,516.0,483.0,5.68,FAD185_M4,34
[TG(54:5)]_FA18:1,11282023_FAD185_M4_WT_cereb_O3on_01,n-9,788.7,599.5,13.26,26171.0,cereb,WT,FA18:1,TG(54:5),223,26171.0,13.258583333333334,0.01858333333333384,2744.0,2742.0,5.68,FAD185_M4,34
[TG(54:5)]_FA18:1,11282023_FAD189_M3_WT_cereb_O3on_01,n-7,816.7,599.5,13.21,654.0,cereb,WT,FA18:1,TG(54:5),204,654.0,13.205950000000001,0.0340499999999988,71.0,43.0,16.72,FAD189_M3,38
[TG(54:5)]_FA18:1,11282023_FAD189_M3_WT_cereb_O3on_01,n-9,788.7,599.5,13.26,7969.0,cereb,WT,FA18:1,TG(54:5),224,7969.0,13.258616666666667,0.018616666666666504,727.0,719.0,16.72,FAD189_M3,38
[TG(54:5)]_FA18:1,11282023_DOD94_F3_WT_cortex_O3on_01,n-9,788.7,599.5,13.26,1414.0,cortex,WT,FA18:1,TG(54:5),225,1414.0,13.258583333333334,0.01858333333333384,121.0,97.0,,DOD94_F3,27
[TG(54:5)]_FA18:1,11282023_FAD184_F3_WT_cortex_O3on_01,n-7,816.7,599.5,13.21,1406.0,cortex,WT,FA18:1,TG(54:5),206,1406.0,13.205916666666667,0.03408333333333324,123.0,98.0,6.2,FAD184_F3,30
[TG(54:5)]_FA18:1,11282023_FAD184_F3_WT_cortex_O3on_01,n-9,788.7,599.5,13.26,7540.0,cortex,WT,FA18:1,TG(54:5),226,7540.0,13.258583333333334,0.01858333333333384,617.0,608.0,6.2,FAD184_F3,30
[TG(54:5)]_FA18:1,11282023_FAD184_F4_WT_cortex_O3on_01,n-9,788.7,599.5,13.3,813.0,cortex,WT,FA18:1,TG(54:5),227,813.0,13.303283333333335,0.06328333333333447,51.0,16.0,,FAD184_F4,32
[TG(54:5)]_FA18:1,11282023_FAD185_M4_WT_cortex_O3on_01,n-7,816.7,599.5,13.16,2219.0,cortex,WT,FA18:1,TG(54:5),208,2219.0,13.161516666666667,0.0784833333333328,179.0,170.0,9.32,FAD185_M4,35
[TG(54:5)]_FA18:1,11282023_FAD185_M4_WT_cortex_O3on_01,n-9,788.7,599.5,13.26,19727.0,cortex,WT,FA18:1,TG(54:5),228,19727.0,13.25885,0.018850000000000477,1944.0,1585.0,9.32,FAD185_M4,35
[TG(54:5)]_FA18:1,11282023_FAD189_M3_WT_cortex_O3on_01,n-7,816.7,599.5,13.21,1839.0,cortex,WT,FA18:1,TG(54:5),209,1839.0,13.205933333333334,0.03406666666666602,155.0,122.0,11.49,FAD189_M3,39
[TG(54:5)]_FA18:1,11282023_FAD189_M3_WT_cortex_O3on_01,n-9,788.7,599.5,13.26,14770.0,cortex,WT,FA18:1,TG(54:5),229,14770.0,13.258866666666668,0.018866666666667697,1621.0,1402.0,11.49,FAD189_M3,39
[TG(54:5)]_FA18:1,11282023_DOD94_F3_WT_dienc_O3on_01,n-9,788.7,599.5,13.35,4714.0,dienc,WT,FA18:1,TG(54:5),230,4714.0,13.347683333333334,0.10768333333333402,218.0,196.0,,DOD94_F3,28
[TG(54:5)]_FA18:1,11282023_FAD184_F3_WT_dienc_O3on_01,n-9,788.7,599.5,13.26,727.0,dienc,WT,FA18:1,TG(54:5),231,727.0,13.258583333333334,0.01858333333333384,76.0,63.0,,FAD184_F3,31
[TG(54:5)]_FA18:1,11282023_FAD184_F4_WT_dienc_O3on_01,n-9,788.7,599.5,13.26,617.0,dienc,WT,FA18:1,TG(54:5),232,617.0,13.25885,0.018850000000000477,46.0,58.0,,FAD184_F4,33
[TG(54:5)]_FA18:1,11282023_FAD185_M4_WT_dienc_O3on_01,n-7,816.7,599.5,13.21,583.0,dienc,WT,FA18:1,TG(54:5),213,583.0,13.2059,0.03410000000000046,53.0,26.0,8.38,FAD185_M4,36
[TG(54:5)]_FA18:1,11282023_FAD185_M4_WT_dienc_O3on_01,n-9,788.7,599.5,13.26,3594.0,dienc,WT,FA18:1,TG(54:5),233,3594.0,13.258566666666667,0.01856666666666662,256.0,218.0,8.38,FAD185_M4,36
[TG(54:5)]_FA18:1,11282023_FAD189_M3_WT_dienc_O3on_01,n-7,816.7,599.5,13.21,596.0,dienc,WT,FA18:1,TG(54:5),214,596.0,13.205916666666667,0.03408333333333324,87.0,76.0,6.09,FAD189_M3,40
[TG(54:5)]_FA18:1,11282023_FAD189_M3_WT_dienc_O3on_01,n-9,788.7,599.5,13.21,5626.0,dienc,WT,FA18:1,TG(54:5),234,5626.0,13.214183333333335,0.02581666666666571,488.0,463.0,6.09,FAD189_M3,40
[TG(54:5)]_FA18:1,11282023_FAD185_M4_WT_hippo_O3on_01,n-9,788.7,599.5,13.26,1702.0,hippo,WT,FA18:1,TG(54:5),238,1702.0,13.258866666666668,0.018866666666667697,136.0,152.0,,FAD185_M4,37
[TG(54:6)]_FA18:1,11282023_FAD185_M4_WT_cereb_O3on_01,n-9,786.7,597.5,12.15,3069.0,cereb,WT,FA18:1,TG(54:6),303,3069.0,12.148966666666666,0.018966666666665688,331.0,325.0,,FAD185_M4,42
[TG(54:6)]_FA18:1,11282023_FAD185_M4_WT_cortex_O3on_01,n-9,786.7,597.5,12.1,1377.0,cortex,WT,FA18:1,TG(54:6),308,1377.0,12.104566666666667,0.025433333333333863,121.0,66.0,,FAD185_M4,43
[TG(54:6)]_FA18:1,11282023_FAD189_M3_WT_cortex_O3on_01,n-9,786.7,597.5,12.1,1207.0,cortex,WT,FA18:1,TG(54:6),309,1207.0,12.104583333333334,0.025416666666666643,157.0,138.0,,FAD189_M3,44
[TG(54:6)]_FA18:1,11282023_DOD94_F3_WT_dienc_O3on_01,n-9,786.7,597.5,12.24,544.0,dienc,WT,FA18:1,TG(54:6),310,544.0,12.2378,0.10779999999999923,49.0,19.0,,DOD94_F3,41
"[TG(55:10),TG(54:3)]_FA18:1",11282023_DOD94_F3_WT_cereb_O3on_01,n-7,820.7,603.5,15.6,577.0,cereb,WT,FA18:1,"TG(54:3), TG(55:10)",360,577.0,15.602450000000001,0.03754999999999953,81.0,54.0,32.2,DOD94_F3,45
"[TG(55:10),TG(54:3)]_FA18:1",11282023_DOD94_F3_WT_cereb_O3on_01,n-9,792.7,603.5,15.7,8248.0,cereb,WT,FA18:1,"TG(54:3), TG(55:10)",380,8248.0,15.699466666666668,0.05946666666666722,1616.0,1739.0,32.2,DOD94_F3,45
"[TG(55:10),TG(54:3)]_FA18:1",11282023_FAD184_F3_WT_cereb_O3on_01,n-7,820.7,603.5,15.56,1076.0,cereb,WT,FA18:1,"TG(54:3), TG(55:10)",361,1076.0,15.558050000000001,0.08194999999999908,148.0,137.0,16.72,FAD184_F3,49
"[TG(55:10),TG(54:3)]_FA18:1",11282023_FAD184_F3_WT_cereb_O3on_01,n-9,792.7,603.5,15.66,11069.0,cereb,WT,FA18:1,"TG(54:3), TG(55:10)",381,11069.0,15.655083333333334,0.015083333333333115,2118.0,2291.0,16.72,FAD184_F3,49
"[TG(55:10),TG(54:3)]_FA18:1",11282023_FAD184_F4_WT_cereb_O3on_01,n-7,820.7,603.5,15.56,673.0,cereb,WT,FA18:1,"TG(54:3), TG(55:10)",362,673.0,15.558033333333334,0.0819666666666663,99.0,88.0,17.49,FAD184_F4,53
"[TG(55:10),TG(54:3)]_FA18:1",11282023_FAD184_F4_WT_cereb_O3on_01,n-9,792.7,603.5,15.66,12847.0,cereb,WT,FA18:1,"TG(54:3), TG(55:10)",382,12847.0,15.655066666666668,0.015066666666667672,1591.0,1539.0,17.49,FAD184_F4,53
"[TG(55:10),TG(54:3)]_FA18:1",11282023_FAD185_M4_WT_cereb_O3on_01,n-7,820.7,603.5,15.56,21692.0,cereb,WT,FA18:1,"TG(54:3), TG(55:10)",363,21692.0,15.558016666666667,0.08198333333333352,2010.0,1988.0,9.56,FAD185_M4,57
"[TG(55:10),TG(54:3)]_FA18:1",11282023_FAD185_M4_WT_cereb_O3on_01,n-9,792.7,603.5,15.66,177357.0,cereb,WT,FA18:1,"TG(54:3), TG(55:10)",383,177357.0,15.655050000000001,0.015050000000000452,21195.0,19003.0,9.56,FAD185_M4,57
"[TG(55:10),TG(54:3)]_FA18:1",11282023_FAD189_M3_WT_cereb_O3on_01,n-7,820.7,603.5,15.65,1551.0,cereb,WT,FA18:1,"TG(54:3), TG(55:10)",364,1551.0,15.646866666666668,0.006866666666667243,248.0,270.0,12.06,FAD189_M3,61
"[TG(55:10),TG(54:3)]_FA18:1",11282023_FAD189_M3_WT_cereb_O3on_01,n-9,792.7,603.5,15.66,30522.0,cereb,WT,FA18:1,"TG(54:3), TG(55:10)",384,30522.0,15.655100000000001,0.015100000000000335,3580.0,3257.0,12.06,FAD189_M3,61
"[TG(55:10),TG(54:3)]_FA18:1",11282023_DOD94_F3_WT_cortex_O3on_01,n-9,792.7,603.5,15.66,10377.0,cortex,WT,FA18:1,"TG(54:3), TG(55:10)",385,10377.0,15.655066666666668,0.015066666666667672,1721.0,1691.0,,DOD94_F3,46
"[TG(55:10),TG(54:3)]_FA18:1",11282023_FAD184_F3_WT_cortex_O3on_01,n-7,820.7,603.5,15.56,2337.0,cortex,WT,FA18:1,"TG(54:3), TG(55:10)",366,2337.0,15.558050000000001,0.08194999999999908,253.0,226.0,17.38,FAD184_F3,50
"[TG(55:10),TG(54:3)]_FA18:1",11282023_FAD184_F3_WT_cortex_O3on_01,n-9,792.7,603.5,15.61,33073.0,cortex,WT,FA18:1,"TG(54:3), TG(55:10)",386,33073.0,15.610666666666667,0.029333333333333655,4022.0,3929.0,17.38,FAD184_F3,50
"[TG(55:10),TG(54:3)]_FA18:1",11282023_FAD184_F4_WT_cortex_O3on_01,n-9,792.7,603.5,15.66,3957.0,cortex,WT,FA18:1,"TG(54:3), TG(55:10)",387,3957.0,15.655083333333334,0.015083333333333115,915.0,1033.0,,FAD184_F4,54
"[TG(55:10),TG(54:3)]_FA18:1",11282023_FAD185_M4_WT_cortex_O3on_01,n-7,820.7,603.5,15.56,3272.0,cortex,WT,FA18:1,"TG(54:3), TG(55:10)",368,3272.0,15.558050000000001,0.08194999999999908,355.0,347.0,13.7,FAD185_M4,58
"[TG(55:10),TG(54:3)]_FA18:1",11282023_FAD185_M4_WT_cortex_O3on_01,n-9,792.7,603.5,15.61,42833.0,cortex,WT,FA18:1,"TG(54:3), TG(55:10)",388,42833.0,15.610666666666667,0.029333333333333655,5299.0,4753.0,13.7,FAD185_M4,58
"[TG(55:10),TG(54:3)]_FA18:1",11282023_FAD189_M3_WT_cortex_O3on_01,n-7,820.7,603.5,15.6,3716.0,cortex,WT,FA18:1,"TG(54:3), TG(55:10)",369,3716.0,15.602466666666668,0.03753333333333231,458.0,451.0,18.48,FAD189_M3,62
"[TG(55:10),TG(54:3)]_FA18:1",11282023_FAD189_M3_WT_cortex_O3on_01,n-9,792.7,603.5,15.66,72652.0,cortex,WT,FA18:1,"TG(54:3), TG(55:10)",389,72652.0,15.655083333333334,0.015083333333333115,8420.0,8333.0,18.48,FAD189_M3,62
"[TG(55:10),TG(54:3)]_FA18:1",11282023_DOD94_F3_WT_dienc_O3on_01,n-7,820.7,603.5,15.65,1241.0,dienc,WT,FA18:1,"TG(54:3), TG(55:10)",370,1241.0,15.646866666666668,0.006866666666667243,159.0,168.0,18.56,DOD94_F3,47
"[TG(55:10),TG(54:3)]_FA18:1",11282023_DOD94_F3_WT_dienc_O3on_01,n-9,792.7,603.5,15.7,23010.0,dienc,WT,FA18:1,"TG(54:3), TG(55:10)",390,23010.0,15.6995,0.059499999999999886,3305.0,3118.0,18.56,DOD94_F3,47
"[TG(55:10),TG(54:3)]_FA18:1",11282023_FAD184_F3_WT_dienc_O3on_01,n-7,820.7,603.5,15.56,648.0,dienc,WT,FA18:1,"TG(54:3), TG(55:10)",371,648.0,15.558033333333334,0.0819666666666663,102.0,76.0,23.22,FAD184_F3,51
"[TG(55:10),TG(54:3)]_FA18:1",11282023_FAD184_F3_WT_dienc_O3on_01,n-9,792.7,603.5,15.66,9687.0,dienc,WT,FA18:1,"TG(54:3), TG(55:10)",391,9687.0,15.655066666666668,0.015066666666667672,1737.0,1765.0,23.22,FAD184_F3,51
"[TG(55:10),TG(54:3)]_FA18:1",11282023_FAD184_F4_WT_dienc_O3on_01,n-9,792.7,603.5,15.66,8381.0,dienc,WT,FA18:1,"TG(54:3), TG(55:10)",392,8381.0,15.655066666666668,0.015066666666667672,1437.0,1259.0,,FAD184_F4,55
"[TG(55:10),TG(54:3)]_FA18:1",11282023_FAD185_M4_WT_dienc_O3on_01,n-7,820.7,603.5,15.6,842.0,dienc,WT,FA18:1,"TG(54:3), TG(55:10)",373,842.0,15.602433333333334,0.03756666666666675,73.0,30.0,52.83,FAD185_M4,59
"[TG(55:10),TG(54:3)]_FA18:1",11282023_FAD185_M4_WT_dienc_O3on_01,n-9,792.7,603.5,15.66,12118.0,dienc,WT,FA18:1,"TG(54:3), TG(55:10)",393,12118.0,15.655050000000001,0.015050000000000452,1774.0,1585.0,52.83,FAD185_M4,59
"[TG(55:10),TG(54:3)]_FA18:1",11282023_FAD189_M3_WT_dienc_O3on_01,n-7,820.7,603.5,15.56,1762.0,dienc,WT,FA18:1,"TG(54:3), TG(55:10)",374,1762.0,15.558050000000001,0.08194999999999908,133.0,121.0,29.06,FAD189_M3,63
"[TG(55:10),TG(54:3)]_FA18:1",11282023_FAD189_M3_WT_dienc_O3on_01,n-9,792.7,603.5,15.61,24021.0,dienc,WT,FA18:1,"TG(54:3), TG(55:10)",394,24021.0,15.610666666666667,0.029333333333333655,3698.0,3516.0,29.06,FAD189_M3,63
"[TG(55:10),TG(54:3)]_FA18:1",11282023_DOD94_F3_WT_hippo_O3on_01,n-7,820.7,603.5,15.74,709.0,hippo,WT,FA18:1,"TG(54:3), TG(55:10)",375,709.0,15.735683333333334,0.09568333333333356,63.0,22.0,85.23,DOD94_F3,48
"[TG(55:10),TG(54:3)]_FA18:1",11282023_DOD94_F3_WT_hippo_O3on_01,n-9,792.7,603.5,15.79,8977.0,hippo,WT,FA18:1,"TG(54:3), TG(55:10)",395,8977.0,15.788316666666667,0.1483166666666662,1844.0,1875.0,85.23,DOD94_F3,48
"[TG(55:10),TG(54:3)]_FA18:1",11282023_FAD184_F3_WT_hippo_O3on_01,n-7,820.7,603.5,15.56,728.0,hippo,WT,FA18:1,"TG(54:3), TG(55:10)",376,728.0,15.558050000000001,0.08194999999999908,95.0,52.0,36.58,FAD184_F3,52
"[TG(55:10),TG(54:3)]_FA18:1",11282023_FAD184_F3_WT_hippo_O3on_01,n-9,792.7,603.5,15.66,9171.0,hippo,WT,FA18:1,"TG(54:3), TG(55:10)",396,9171.0,15.655083333333334,0.015083333333333115,1832.0,1902.0,36.58,FAD184_F3,52
"[TG(55:10),TG(54:3)]_FA18:1",11282023_FAD184_F4_WT_hippo_O3on_01,n-9,792.7,603.5,15.61,4193.0,hippo,WT,FA18:1,"TG(54:3), TG(55:10)",397,4193.0,15.610666666666667,0.029333333333333655,929.0,919.0,,FAD184_F4,56
"[TG(55:10),TG(54:3)]_FA18:1",11282023_FAD185_M4_WT_hippo_O3on_01,n-7,820.7,603.5,15.56,480.0,hippo,WT,FA18:1,"TG(54:3), TG(55:10)",378,480.0,15.558066666666667,0.08193333333333364,63.0,35.0,57.37,FAD185_M4,60
"[TG(55:10),TG(54:3)]_FA18:1",11282023_FAD185_M4_WT_hippo_O3on_01,n-9,792.7,603.5,15.66,9855.0,hippo,WT,FA18:1,"TG(54:3), TG(55:10)",398,9855.0,15.655100000000001,0.015100000000000335,2016.0,2008.0,57.37,FAD185_M4,60
"[TG(55:10),TG(54:3)]_FA18:1",11282023_FAD189_M3_WT_hippo_O3on_01,n-9,792.7,603.5,15.66,3514.0,hippo,WT,FA18:1,"TG(54:3), TG(55:10)",399,3514.0,15.655083333333334,0.015083333333333115,786.0,774.0,,FAD189_M3,64
"[TG(55:11),TG(54:4)]_FA18:1",11282023_DOD94_F3_WT_cereb_O3on_01,n-9,790.7,601.5,14.46,3356.0,cereb,WT,FA18:1,"TG(54:4), TG(55:11)",460,3356.0,14.456683333333334,0.023316666666666208,437.0,487.0,,DOD94_F3,65
"[TG(55:11),TG(54:4)]_FA18:1",11282023_FAD184_F3_WT_cereb_O3on_01,n-9,790.7,601.5,14.46,4175.0,cereb,WT,FA18:1,"TG(54:4), TG(55:11)",461,4175.0,14.456683333333334,0.023316666666666208,425.0,404.0,,FAD184_F3,69
"[TG(55:11),TG(54:4)]_FA18:1",11282023_FAD184_F4_WT_cereb_O3on_01,n-9,790.7,601.5,14.5,3439.0,cereb,WT,FA18:1,"TG(54:4), TG(55:11)",462,3439.0,14.501100000000001,0.021100000000000563,453.0,476.0,,FAD184_F4,73
"[TG(55:11),TG(54:4)]_FA18:1",11282023_FAD185_M4_WT_cereb_O3on_01,n-7,818.7,601.5,14.4,22476.0,cereb,WT,FA18:1,"TG(54:4), TG(55:11)",443,22476.0,14.404300000000001,0.07569999999999943,2228.0,2247.0,4.86,FAD185_M4,77
"[TG(55:11),TG(54:4)]_FA18:1",11282023_FAD185_M4_WT_cereb_O3on_01,n-9,790.7,601.5,14.46,102138.0,cereb,WT,FA18:1,"TG(54:4), TG(55:11)",463,102138.0,14.456666666666667,0.023333333333333428,11610.0,10930.0,4.86,FAD185_M4,77
"[TG(55:11),TG(54:4)]_FA18:1",11282023_FAD189_M3_WT_cereb_O3on_01,n-7,818.7,601.5,14.4,2300.0,cereb,WT,FA18:1,"TG(54:4), TG(55:11)",444,2300.0,14.404333333333334,0.07566666666666677,204.0,189.0,8.15,FAD189_M3,81
"[TG(55:11),TG(54:4)]_FA18:1",11282023_FAD189_M3_WT_cereb_O3on_01,n-9,790.7,601.5,14.46,17600.0,cereb,WT,FA18:1,"TG(54:4), TG(55:11)",464,17600.0,14.456716666666667,0.023283333333333545,1625.0,1541.0,8.15,FAD189_M3,81
"[TG(55:11),TG(54:4)]_FA18:1",11282023_DOD94_F3_WT_cortex_O3on_01,n-9,790.7,601.5,14.46,5919.0,cortex,WT,FA18:1,"TG(54:4), TG(55:11)",465,5919.0,14.456683333333334,0.023316666666666208,634.0,600.0,,DOD94_F3,66
"[TG(55:11),TG(54:4)]_FA18:1",11282023_FAD184_F3_WT_cortex_O3on_01,n-7,818.7,601.5,14.4,2441.0,cortex,WT,FA18:1,"TG(54:4), TG(55:11)",446,2441.0,14.404316666666668,0.07568333333333221,234.0,204.0,15.23,FAD184_F3,70
"[TG(55:11),TG(54:4)]_FA18:1",11282023_FAD184_F3_WT_cortex_O3on_01,n-9,790.7,601.5,14.46,34940.0,cortex,WT,FA18:1,"TG(54:4), TG(55:11)",466,34940.0,14.456700000000001,0.023299999999998988,3295.0,3107.0,15.23,FAD184_F3,70
"[TG(55:11),TG(54:4)]_FA18:1",11282023_FAD184_F4_WT_cortex_O3on_01,n-9,790.7,601.5,14.5,1457.0,cortex,WT,FA18:1,"TG(54:4), TG(55:11)",467,1457.0,14.501100000000001,0.021100000000000563,171.0,187.0,,FAD184_F4,74
"[TG(55:11),TG(54:4)]_FA18:1",11282023_FAD185_M4_WT_cortex_O3on_01,n-7,818.7,601.5,14.4,7481.0,cortex,WT,FA18:1,"TG(54:4), TG(55:11)",448,7481.0,14.404316666666668,0.07568333333333221,260.0,281.0,19.27,FAD185_M4,78
"[TG(55:11),TG(54:4)]_FA18:1",11282023_FAD185_M4_WT_cortex_O3on_01,n-9,790.7,601.5,14.46,67236.0,cortex,WT,FA18:1,"TG(54:4), TG(55:11)",468,67236.0,14.456683333333334,0.023316666666666208,5512.0,5416.0,19.27,FAD185_M4,78
"[TG(55:11),TG(54:4)]_FA18:1",11282023_FAD189_M3_WT_cortex_O3on_01,n-7,818.7,601.5,14.36,5009.0,cortex,WT,FA18:1,"TG(54:4), TG(55:11)",449,5009.0,14.359916666666667,0.12008333333333354,370.0,216.0,18.79,FAD189_M3,82
"[TG(55:11),TG(54:4)]_FA18:1",11282023_FAD189_M3_WT_cortex_O3on_01,n-9,790.7,601.5,14.46,35027.0,cortex,WT,FA18:1,"TG(54:4), TG(55:11)",469,35027.0,14.456700000000001,0.023299999999998988,4187.0,4059.0,18.79,FAD189_M3,82
"[TG(55:11),TG(54:4)]_FA18:1",11282023_DOD94_F3_WT_dienc_O3on_01,n-7,818.7,601.5,14.45,469.0,dienc,WT,FA18:1,"TG(54:4), TG(55:11)",450,469.0,14.448733333333333,0.03126666666666722,68.0,57.0,21.19,DOD94_F3,67
"[TG(55:11),TG(54:4)]_FA18:1",11282023_DOD94_F3_WT_dienc_O3on_01,n-9,790.7,601.5,14.55,9925.0,dienc,WT,FA18:1,"TG(54:4), TG(55:11)",470,9925.0,14.545516666666668,0.06551666666666733,1253.0,1208.0,21.19,DOD94_F3,67
"[TG(55:11),TG(54:4)]_FA18:1",11282023_FAD184_F3_WT_dienc_O3on_01,n-7,818.7,601.5,14.4,428.0,dienc,WT,FA18:1,"TG(54:4), TG(55:11)",451,428.0,14.404316666666668,0.07568333333333221,45.0,15.0,26.33,FAD184_F3,71
"[TG(55:11),TG(54:4)]_FA18:1",11282023_FAD184_F3_WT_dienc_O3on_01,n-9,790.7,601.5,14.46,3275.0,dienc,WT,FA18:1,"TG(54:4), TG(55:11)",471,3275.0,14.456683333333334,0.023316666666666208,457.0,395.0,26.33,FAD184_F3,71
"[TG(55:11),TG(54:4)]_FA18:1",11282023_FAD184_F4_WT_dienc_O3on_01,n-9,790.7,601.5,14.46,1715.0,dienc,WT,FA18:1,"TG(54:4), TG(55:11)",472,1715.0,14.456683333333334,0.023316666666666208,241.0,299.0,,FAD184_F4,75
"[TG(55:11),TG(54:4)]_FA18:1",11282023_FAD185_M4_WT_dienc_O3on_01,n-7,818.7,601.5,14.4,1655.0,dienc,WT,FA18:1,"TG(54:4), TG(55:11)",453,1655.0,14.404300000000001,0.07569999999999943,155.0,124.0,9.64,FAD185_M4,79
"[TG(55:11),TG(54:4)]_FA18:1",11282023_FAD185_M4_WT_dienc_O3on_01,n-9,790.7,601.5,14.46,14844.0,dienc,WT,FA18:1,"TG(54:4), TG(55:11)",473,14844.0,14.456666666666667,0.023333333333333428,1338.0,1195.0,9.64,FAD185_M4,79
"[TG(55:11),TG(54:4)]_FA18:1",11282023_FAD189_M3_WT_dienc_O3on_01,n-7,818.7,601.5,14.4,1071.0,dienc,WT,FA18:1,"TG(54:4), TG(55:11)",454,1071.0,14.404316666666668,0.07568333333333221,135.0,82.0,19.89,FAD189_M3,83
"[TG(55:11),TG(54:4)]_FA18:1",11282023_FAD189_M3_WT_dienc_O3on_01,n-9,790.7,601.5,14.46,14776.0,dienc,WT,FA18:1,"TG(54:4), TG(55:11)",474,14776.0,14.456700000000001,0.023299999999998988,1678.0,1631.0,19.89,FAD189_M3,83
"[TG(55:11),TG(54:4)]_FA18:1",11282023_DOD94_F3_WT_hippo_O3on_01,n-9,790.7,601.5,14.59,2112.0,hippo,WT,FA18:1,"TG(54:4), TG(55:11)",475,2112.0,14.589916666666667,0.10991666666666688,272.0,303.0,,DOD94_F3,68
"[TG(55:11),TG(54:4)]_FA18:1",11282023_FAD184_F3_WT_hippo_O3on_01,n-9,790.7,601.5,14.41,1672.0,hippo,WT,FA18:1,"TG(54:4), TG(55:11)",476,1672.0,14.4123,0.06770000000000032,298.0,361.0,,FAD184_F3,72
"[TG(55:11),TG(54:4)]_FA18:1",11282023_FAD184_F4_WT_hippo_O3on_01,n-9,790.7,601.5,14.46,509.0,hippo,WT,FA18:1,"TG(54:4), TG(55:11)",477,509.0,14.456683333333334,0.023316666666666208,102.0,44.0,,FAD184_F4,76
"[TG(55:11),TG(54:4)]_FA18:1",11282023_FAD185_M4_WT_hippo_O3on_01,n-9,790.7,601.5,14.5,6223.0,hippo,WT,FA18:1,"TG(54:4), TG(55:11)",478,6223.0,14.501116666666668,0.021116666666667783,654.0,656.0,,FAD185_M4,80
"[TG(55:11),TG(54:4)]_FA18:1",11282023_FAD189_M3_WT_hippo_O3on_01,n-9,790.7,601.5,14.5,981.0,hippo,WT,FA18:1,"TG(54:4), TG(55:11)",479,981.0,14.501100000000001,0.021100000000000563,156.0,139.0,,FAD189_M3,84
"[TG(55:8),TG(54:1)]_FA18:1",11282023_FAD184_F3_WT_cereb_O3on_01,n-9,796.7,607.5,16.9,599.0,cereb,WT,FA18:1,"TG(54:1), TG(55:8)",541,599.0,16.897883333333333,0.017883333333333695,74.0,76.0,,FAD184_F3,87
"[TG(55:8),TG(54:1)]_FA18:1",11282023_FAD185_M4_WT_cereb_O3on_01,n-9,796.7,607.5,16.85,4912.0,cereb,WT,FA18:1,"TG(54:1), TG(55:8)",543,4912.0,16.853450000000002,0.026549999999996743,502.0,508.0,,FAD185_M4,91
"[TG(55:8),TG(54:1)]_FA18:1",11282023_FAD189_M3_WT_cereb_O3on_01,n-9,796.7,607.5,16.99,682.0,cereb,WT,FA18:1,"TG(54:1), TG(55:8)",544,682.0,16.986700000000003,0.10670000000000357,138.0,114.0,,FAD189_M3,92
"[TG(55:8),TG(54:1)]_FA18:1",11282023_DOD94_F3_WT_cortex_O3on_01,n-9,796.7,607.5,16.9,479.0,cortex,WT,FA18:1,"TG(54:1), TG(55:8)",545,479.0,16.89786666666667,0.017866666666670028,97.0,77.0,,DOD94_F3,85
"[TG(55:8),TG(54:1)]_FA18:1",11282023_FAD184_F3_WT_cortex_O3on_01,n-9,796.7,607.5,16.9,939.0,cortex,WT,FA18:1,"TG(54:1), TG(55:8)",546,939.0,16.897883333333333,0.017883333333333695,120.0,108.0,,FAD184_F3,88
"[TG(55:8),TG(54:1)]_FA18:1",11282023_FAD189_M3_WT_cortex_O3on_01,n-9,796.7,607.5,16.85,1769.0,cortex,WT,FA18:1,"TG(54:1), TG(55:8)",549,1769.0,16.853483333333333,0.026516666666665856,242.0,213.0,,FAD189_M3,93
"[TG(55:8),TG(54:1)]_FA18:1",11282023_DOD94_F3_WT_dienc_O3on_01,n-9,796.7,607.5,16.94,550.0,dienc,WT,FA18:1,"TG(54:1), TG(55:8)",550,550.0,16.942283333333336,0.0622833333333368,60.0,39.0,,DOD94_F3,86
"[TG(55:8),TG(54:1)]_FA18:1",11282023_FAD184_F3_WT_dienc_O3on_01,n-9,796.7,607.5,17.08,484.0,dienc,WT,FA18:1,"TG(54:1), TG(55:8)",551,484.0,17.0755,0.19550000000000267,84.0,81.0,,FAD184_F3,89
"[TG(55:8),TG(54:1)]_FA18:1",11282023_FAD189_M3_WT_dienc_O3on_01,n-9,796.7,607.5,16.85,474.0,dienc,WT,FA18:1,"TG(54:1), TG(55:8)",554,474.0,16.853466666666666,0.026533333333333076,95.0,78.0,,FAD189_M3,94
"[TG(55:8),TG(54:1)]_FA18:1",11282023_FAD184_F3_WT_hippo_O3on_01,n-9,796.7,607.5,16.85,415.0,hippo,WT,FA18:1,"TG(54:1), TG(55:8)",556,415.0,16.853466666666666,0.026533333333333076,72.0,31.0,,FAD184_F3,90
"[TG(55:9),TG(54:2)]_FA18:1",11282023_DOD94_F3_WT_cereb_O3on_01,n-7,822.7,605.5,16.89,601.0,cereb,WT,FA18:1,"TG(54:2), TG(55:9)",600,601.0,16.889950000000002,0.009950000000003456,77.0,67.0,7.97,DOD94_F3,95
"[TG(55:9),TG(54:2)]_FA18:1",11282023_DOD94_F3_WT_cereb_O3on_01,n-9,794.7,605.5,16.9,4860.0,cereb,WT,FA18:1,"TG(54:2), TG(55:9)",620,4860.0,16.89816666666667,0.01816666666666933,492.0,534.0,7.97,DOD94_F3,95
"[TG(55:9),TG(54:2)]_FA18:1",11282023_FAD184_F3_WT_cereb_O3on_01,n-7,822.7,605.5,16.85,922.0,cereb,WT,FA18:1,"TG(54:2), TG(55:9)",601,922.0,16.84555,0.03444999999999965,144.0,120.0,4.52,FAD184_F3,99
"[TG(55:9),TG(54:2)]_FA18:1",11282023_FAD184_F3_WT_cereb_O3on_01,n-9,794.7,605.5,16.9,4539.0,cereb,WT,FA18:1,"TG(54:2), TG(55:9)",621,4539.0,16.898183333333336,0.01818333333333655,592.0,542.0,4.52,FAD184_F3,99
"[TG(55:9),TG(54:2)]_FA18:1",11282023_FAD184_F4_WT_cereb_O3on_01,n-7,822.7,605.5,16.8,731.0,cereb,WT,FA18:1,"TG(54:2), TG(55:9)",602,731.0,16.801133333333333,0.07886666666666642,107.0,53.0,7.83,FAD184_F4,103
"[TG(55:9),TG(54:2)]_FA18:1",11282023_FAD184_F4_WT_cereb_O3on_01,n-9,794.7,605.5,16.9,3208.0,cereb,WT,FA18:1,"TG(54:2), TG(55:9)",622,3208.0,16.89816666666667,0.01816666666666933,474.0,415.0,7.83,FAD184_F4,103
"[TG(55:9),TG(54:2)]_FA18:1",11282023_FAD185_M4_WT_cereb_O3on_01,n-7,822.7,605.5,16.8,3020.0,cereb,WT,FA18:1,"TG(54:2), TG(55:9)",603,3020.0,16.80111666666667,0.07888333333333009,404.0,389.0,12.1,FAD185_M4,107
"[TG(55:9),TG(54:2)]_FA18:1",11282023_FAD185_M4_WT_cereb_O3on_01,n-9,794.7,605.5,16.85,41704.0,cereb,WT,FA18:1,"TG(54:2), TG(55:9)",623,41704.0,16.85375,0.026249999999997442,4802.0,4705.0,12.1,FAD185_M4,107
"[TG(55:9),TG(54:2)]_FA18:1",11282023_FAD189_M3_WT_cereb_O3on_01,n-10,780.7,605.5,16.9,609.0,cereb,WT,FA18:1,"TG(54:2), TG(55:9)",564,609.0,16.90201666666667,0.022016666666669238,62.0,38.0,18.91,FAD189_M3,111
"[TG(55:9),TG(54:2)]_FA18:1",11282023_FAD189_M3_WT_cereb_O3on_01,n-7,822.7,605.5,16.85,1003.0,cereb,WT,FA18:1,"TG(54:2), TG(55:9)",604,1003.0,16.845566666666667,0.03443333333333243,105.0,43.0,18.91,FAD189_M3,111
"[TG(55:9),TG(54:2)]_FA18:1",11282023_FAD189_M3_WT_cereb_O3on_01,n-9,794.7,605.5,16.9,6888.0,cereb,WT,FA18:1,"TG(54:2), TG(55:9)",624,6888.0,16.898183333333336,0.01818333333333655,964.0,813.0,18.91,FAD189_M3,111
"[TG(55:9),TG(54:2)]_FA18:1",11282023_DOD94_F3_WT_cortex_O3on_01,n-10,780.7,605.5,16.95,406.0,cortex,WT,FA18:1,"TG(54:2), TG(55:9)",565,406.0,16.9464,0.06640000000000157,38.0,13.0,,DOD94_F3,96
"[TG(55:9),TG(54:2)]_FA18:1",11282023_DOD94_F3_WT_cortex_O3on_01,n-9,794.7,605.5,16.9,3377.0,cortex,WT,FA18:1,"TG(54:2), TG(55:9)",625,3377.0,16.89816666666667,0.01816666666666933,405.0,374.0,,DOD94_F3,96
"[TG(55:9),TG(54:2)]_FA18:1",11282023_FAD184_F3_WT_cortex_O3on_01,n-7,822.7,605.5,16.85,653.0,cortex,WT,FA18:1,"TG(54:2), TG(55:9)",606,653.0,16.84555,0.03444999999999965,112.0,105.0,7.36,FAD184_F3,100
"[TG(55:9),TG(54:2)]_FA18:1",11282023_FAD184_F3_WT_cortex_O3on_01,n-9,794.7,605.5,16.85,7909.0,cortex,WT,FA18:1,"TG(54:2), TG(55:9)",626,7909.0,16.85376666666667,0.026233333333330222,863.0,773.0,7.36,FAD184_F3,100
"[TG(55:9),TG(54:2)]_FA18:1",11282023_FAD184_F4_WT_cortex_O3on_01,n-9,794.7,605.5,16.94,1741.0,cortex,WT,FA18:1,"TG(54:2), TG(55:9)",627,1741.0,16.942583333333335,0.0625833333333361,211.0,197.0,,FAD184_F4,104
"[TG(55:9),TG(54:2)]_FA18:1",11282023_FAD185_M4_WT_cortex_O3on_01,n-9,794.7,605.5,16.85,3674.0,cortex,WT,FA18:1,"TG(54:2), TG(55:9)",628,3674.0,16.85376666666667,0.026233333333330222,450.0,407.0,,FAD185_M4,108
"[TG(55:9),TG(54:2)]_FA18:1",11282023_FAD189_M3_WT_cortex_O3on_01,n-7,822.7,605.5,16.76,842.0,cortex,WT,FA18:1,"TG(54:2), TG(55:9)",609,842.0,16.75675,0.12324999999999875,125.0,84.0,11.88,FAD189_M3,112
"[TG(55:9),TG(54:2)]_FA18:1",11282023_FAD189_M3_WT_cortex_O3on_01,n-9,794.7,605.5,16.85,9039.0,cortex,WT,FA18:1,"TG(54:2), TG(55:9)",629,9039.0,16.853783333333332,0.026216666666666555,1126.0,998.0,11.88,FAD189_M3,112
"[TG(55:9),TG(54:2)]_FA18:1",11282023_DOD94_F3_WT_dienc_O3on_01,n-9,794.7,605.5,16.94,6196.0,dienc,WT,FA18:1,"TG(54:2), TG(55:9)",630,6196.0,16.942583333333335,0.0625833333333361,817.0,873.0,,DOD94_F3,97
"[TG(55:9),TG(54:2)]_FA18:1",11282023_FAD184_F3_WT_dienc_O3on_01,n-7,822.7,605.5,16.8,876.0,dienc,WT,FA18:1,"TG(54:2), TG(55:9)",611,876.0,16.801133333333333,0.07886666666666642,95.0,82.0,5.45,FAD184_F3,101
"[TG(55:9),TG(54:2)]_FA18:1",11282023_FAD184_F3_WT_dienc_O3on_01,n-9,794.7,605.5,16.85,3978.0,dienc,WT,FA18:1,"TG(54:2), TG(55:9)",631,3978.0,16.85376666666667,0.026233333333330222,456.0,447.0,5.45,FAD184_F3,101
"[TG(55:9),TG(54:2)]_FA18:1",11282023_FAD184_F4_WT_dienc_O3on_01,n-7,822.7,605.5,16.8,497.0,dienc,WT,FA18:1,"TG(54:2), TG(55:9)",612,497.0,16.801133333333333,0.07886666666666642,59.0,44.0,11.91,FAD184_F4,105
"[TG(55:9),TG(54:2)]_FA18:1",11282023_FAD184_F4_WT_dienc_O3on_01,n-9,794.7,605.5,16.9,4158.0,dienc,WT,FA18:1,"TG(54:2), TG(55:9)",632,4158.0,16.89816666666667,0.01816666666666933,552.0,524.0,11.91,FAD184_F4,105
"[TG(55:9),TG(54:2)]_FA18:1",11282023_FAD185_M4_WT_dienc_O3on_01,n-9,794.7,605.5,16.9,1924.0,dienc,WT,FA18:1,"TG(54:2), TG(55:9)",633,1924.0,16.89815,0.01815000000000211,305.0,271.0,,FAD185_M4,109
"[TG(55:9),TG(54:2)]_FA18:1",11282023_FAD189_M3_WT_dienc_O3on_01,n-7,822.7,605.5,16.8,940.0,dienc,WT,FA18:1,"TG(54:2), TG(55:9)",614,940.0,16.80115,0.0788499999999992,89.0,71.0,9.46,FAD189_M3,113
"[TG(55:9),TG(54:2)]_FA18:1",11282023_FAD189_M3_WT_dienc_O3on_01,n-9,794.7,605.5,16.85,5813.0,dienc,WT,FA18:1,"TG(54:2), TG(55:9)",634,5813.0,16.85376666666667,0.026233333333330222,758.0,672.0,9.46,FAD189_M3,113
"[TG(55:9),TG(54:2)]_FA18:1",11282023_DOD94_F3_WT_hippo_O3on_01,n-9,794.7,605.5,17.03,3317.0,hippo,WT,FA18:1,"TG(54:2), TG(55:9)",635,3317.0,17.0314,0.15140000000000242,637.0,779.0,,DOD94_F3,98
"[TG(55:9),TG(54:2)]_FA18:1",11282023_FAD184_F3_WT_hippo_O3on_01,n-10,780.7,605.5,16.95,407.0,hippo,WT,FA18:1,"TG(54:2), TG(55:9)",576,407.0,16.9464,0.06640000000000157,55.0,33.0,14.57,FAD184_F3,102
"[TG(55:9),TG(54:2)]_FA18:1",11282023_FAD184_F3_WT_hippo_O3on_01,n-7,822.7,605.5,16.76,449.0,hippo,WT,FA18:1,"TG(54:2), TG(55:9)",616,449.0,16.756733333333333,0.12326666666666597,63.0,44.0,14.57,FAD184_F3,102
"[TG(55:9),TG(54:2)]_FA18:1",11282023_FAD184_F3_WT_hippo_O3on_01,n-9,794.7,605.5,16.9,4789.0,hippo,WT,FA18:1,"TG(54:2), TG(55:9)",636,4789.0,16.89816666666667,0.01816666666666933,678.0,641.0,14.57,FAD184_F3,102
"[TG(55:9),TG(54:2)]_FA18:1",11282023_FAD184_F4_WT_hippo_O3on_01,n-9,794.7,605.5,16.9,1140.0,hippo,WT,FA18:1,"TG(54:2), TG(55:9)",637,1140.0,16.89816666666667,0.01816666666666933,172.0,150.0,,FAD184_F4,106
"[TG(55:9),TG(54:2)]_FA18:1",11282023_FAD185_M4_WT_hippo_O3on_01,n-9,794.7,605.5,16.9,3010.0,hippo,WT,FA18:1,"TG(54:2), TG(55:9)",638,3010.0,16.898183333333336,0.01818333333333655,460.0,407.0,,FAD185_M4,110
"[TG(55:9),TG(54:2)]_FA18:1",11282023_FAD189_M3_WT_hippo_O3on_01,n-9,794.7,605.5,16.9,1576.0,hippo,WT,FA18:1,"TG(54:2), TG(55:9)",639,1576.0,16.89816666666667,0.01816666666666933,175.0,156.0,,FAD189_M3,114
"[TG(56:7),]_FA18:1",11282023_FAD184_F3_WT_cereb_O3on_01,n-9,812.8,623.6,13.16,424.0,cereb,WT,FA18:1,TG(56:7),781,424.0,13.162683333333334,0.01268333333333338,46.0,39.0,,FAD184_F3,115
"[TG(56:7),]_FA18:1",11282023_FAD184_F3_WT_cortex_O3on_01,n-7,840.8,623.6,13.11,437.0,cortex,WT,FA18:1,TG(56:7),766,437.0,13.112083333333334,0.03791666666666593,50.0,29.0,0.0,FAD184_F3,116
"[TG(56:7),]_FA18:1",11282023_FAD189_M3_WT_dienc_O3on_01,n-9,812.8,623.6,13.16,657.0,dienc,WT,FA18:1,TG(56:7),794,657.0,13.162683333333334,0.01268333333333338,55.0,38.0,,FAD189_M3,117
"[TG(57:10),TG(56:3)]_FA18:1",11282023_FAD185_M4_WT_cereb_O3on_01,n-7,848.7,631.5,16.57,429.0,cereb,WT,FA18:1,"TG(56:3), TG(57:10)",843,429.0,16.57316666666667,0.07683333333332953,100.0,88.0,11.07,FAD185_M4,121
"[TG(57:10),TG(56:3)]_FA18:1",11282023_FAD185_M4_WT_cereb_O3on_01,n-9,820.7,631.5,16.67,9876.0,cereb,WT,FA18:1,"TG(56:3), TG(57:10)",863,9876.0,16.668200000000002,0.01820000000000377,987.0,974.0,11.07,FAD185_M4,121
"[TG(57:10),TG(56:3)]_FA18:1",11282023_FAD189_M3_WT_cereb_O3on_01,n-9,820.7,631.5,16.67,581.0,cereb,WT,FA18:1,"TG(56:3), TG(57:10)",864,581.0,16.668233333333333,0.018233333333334656,69.0,47.0,,FAD189_M3,123
"[TG(57:10),TG(56:3)]_FA18:1",11282023_FAD184_F3_WT_cortex_O3on_01,n-9,820.7,631.5,16.71,1040.0,cortex,WT,FA18:1,"TG(56:3), TG(57:10)",866,1040.0,16.712633333333333,0.0626333333333342,102.0,88.0,,FAD184_F3,119
"[TG(57:10),TG(56:3)]_FA18:1",11282023_FAD185_M4_WT_cortex_O3on_01,n-9,820.7,631.5,16.67,1097.0,cortex,WT,FA18:1,"TG(56:3), TG(57:10)",868,1097.0,16.668233333333333,0.018233333333334656,99.0,67.0,,FAD185_M4,122
"[TG(57:10),TG(56:3)]_FA18:1",11282023_FAD189_M3_WT_cortex_O3on_01,n-9,820.7,631.5,16.67,1140.0,cortex,WT,FA18:1,"TG(56:3), TG(57:10)",869,1140.0,16.668233333333333,0.018233333333334656,130.0,157.0,,FAD189_M3,124
"[TG(57:10),TG(56:3)]_FA18:1",11282023_DOD94_F3_WT_dienc_O3on_01,n-9,820.7,631.5,16.76,663.0,dienc,WT,FA18:1,"TG(56:3), TG(57:10)",870,663.0,16.757033333333336,0.10703333333333731,64.0,37.0,,DOD94_F3,118
"[TG(57:10),TG(56:3)]_FA18:1",11282023_FAD189_M3_WT_dienc_O3on_01,n-9,820.7,631.5,16.71,767.0,dienc,WT,FA18:1,"TG(56:3), TG(57:10)",874,767.0,16.712633333333333,0.0626333333333342,79.0,78.0,,FAD189_M3,125
"[TG(57:10),TG(56:3)]_FA18:1",11282023_FAD184_F3_WT_hippo_O3on_01,n-9,820.7,631.5,16.67,693.0,hippo,WT,FA18:1,"TG(56:3), TG(57:10)",876,693.0,16.668216666666666,0.018216666666667436,79.0,74.0,,FAD184_F3,120
"[TG(57:11),TG(56:4)]_FA18:1",11282023_FAD185_M4_WT_cereb_O3on_01,n-7,846.7,629.5,15.51,674.0,cereb,WT,FA18:1,"TG(56:4), TG(57:11)",923,674.0,15.508283333333335,0.0817166666666651,62.0,30.0,19.87,FAD185_M4,127
"[TG(57:11),TG(56:4)]_FA18:1",11282023_FAD185_M4_WT_cereb_O3on_01,n-9,818.7,629.5,15.56,5517.0,cereb,WT,FA18:1,"TG(56:4), TG(57:11)",943,5517.0,15.558616666666667,0.03138333333333243,596.0,596.0,19.87,FAD185_M4,127
"[TG(57:11),TG(56:4)]_FA18:1",11282023_FAD189_M3_WT_cereb_O3on_01,n-9,818.7,629.5,15.56,584.0,cereb,WT,FA18:1,"TG(56:4), TG(57:11)",944,584.0,15.55865,0.03134999999999977,47.0,22.0,,FAD189_M3,129
"[TG(57:11),TG(56:4)]_FA18:1",11282023_FAD184_F3_WT_cortex_O3on_01,n-9,818.7,629.5,15.56,566.0,cortex,WT,FA18:1,"TG(56:4), TG(57:11)",946,566.0,15.558900000000001,0.031099999999998573,60.0,42.0,,FAD184_F3,126
"[TG(57:11),TG(56:4)]_FA18:1",11282023_FAD185_M4_WT_cortex_O3on_01,n-9,818.7,629.5,15.65,472.0,cortex,WT,FA18:1,"TG(56:4), TG(57:11)",948,472.0,15.647716666666668,0.05771666666666775,60.0,58.0,,FAD185_M4,128
"[TG(57:11),TG(56:4)]_FA18:1",11282023_FAD189_M3_WT_cortex_O3on_01,n-9,818.7,629.5,15.56,1377.0,cortex,WT,FA18:1,"TG(56:4), TG(57:11)",949,1377.0,15.55865,0.03134999999999977,111.0,131.0,,FAD189_M3,130
"[TG(57:11),TG(56:4)]_FA18:1",11282023_FAD189_M3_WT_dienc_O3on_01,n-9,818.7,629.5,15.56,550.0,dienc,WT,FA18:1,"TG(56:4), TG(57:11)",954,550.0,15.558633333333335,0.03136666666666521,52.0,17.0,,FAD189_M3,131
"[TG(57:9),TG(56:2)]_FA18:1",11282023_FAD184_F3_WT_cereb_O3on_01,n-9,822.8,633.6,17.91,436.0,cereb,WT,FA18:1,"TG(56:2), TG(57:9)",1101,436.0,17.91101666666667,0.028983333333332695,67.0,43.0,,FAD184_F3,135
"[TG(57:9),TG(56:2)]_FA18:1",11282023_FAD184_F4_WT_cereb_O3on_01,n-9,822.8,633.6,17.91,549.0,cereb,WT,FA18:1,"TG(56:2), TG(57:9)",1102,549.0,17.911,0.028999999999999915,71.0,89.0,,FAD184_F4,139
"[TG(57:9),TG(56:2)]_FA18:1",11282023_FAD185_M4_WT_cereb_O3on_01,n-9,822.8,633.6,17.91,2292.0,cereb,WT,FA18:1,"TG(56:2), TG(57:9)",1103,2292.0,17.911,0.028999999999999915,312.0,282.0,,FAD185_M4,140
"[TG(57:9),TG(56:2)]_FA18:1",11282023_FAD189_M3_WT_cereb_O3on_01,n-9,822.8,633.6,17.96,449.0,cereb,WT,FA18:1,"TG(56:2), TG(57:9)",1104,449.0,17.955433333333335,0.015433333333334076,47.0,16.0,,FAD189_M3,143
"[TG(57:9),TG(56:2)]_FA18:1",11282023_DOD94_F3_WT_cortex_O3on_01,n-9,822.8,633.6,17.91,679.0,cortex,WT,FA18:1,"TG(56:2), TG(57:9)",1105,679.0,17.911,0.028999999999999915,86.0,84.0,,DOD94_F3,132
"[TG(57:9),TG(56:2)]_FA18:1",11282023_FAD184_F3_WT_cortex_O3on_01,n-9,822.8,633.6,17.91,511.0,cortex,WT,FA18:1,"TG(56:2), TG(57:9)",1106,511.0,17.911033333333336,0.028966666666665475,60.0,33.0,,FAD184_F3,136
"[TG(57:9),TG(56:2)]_FA18:1",11282023_FAD185_M4_WT_cortex_O3on_01,n-9,822.8,633.6,18.04,421.0,cortex,WT,FA18:1,"TG(56:2), TG(57:9)",1108,421.0,18.044233333333334,0.10423333333333318,70.0,44.0,,FAD185_M4,141
"[TG(57:9),TG(56:2)]_FA18:1",11282023_DOD94_F3_WT_dienc_O3on_01,n-9,822.8,633.6,18.04,524.0,dienc,WT,FA18:1,"TG(56:2), TG(57:9)",1110,524.0,18.04425,0.1042500000000004,67.0,53.0,,DOD94_F3,133
"[TG(57:9),TG(56:2)]_FA18:1",11282023_FAD184_F3_WT_dienc_O3on_01,n-9,822.8,633.6,17.91,407.0,dienc,WT,FA18:1,"TG(56:2), TG(57:9)",1111,407.0,17.911,0.028999999999999915,72.0,46.0,,FAD184_F3,137
"[TG(57:9),TG(56:2)]_FA18:1",11282023_FAD189_M3_WT_dienc_O3on_01,n-9,822.8,633.6,17.96,996.0,dienc,WT,FA18:1,"TG(56:2), TG(57:9)",1114,996.0,17.955433333333335,0.015433333333334076,181.0,180.0,,FAD189_M3,144
"[TG(57:9),TG(56:2)]_FA18:1",11282023_DOD94_F3_WT_hippo_O3on_01,n-9,822.8,633.6,18.04,732.0,hippo,WT,FA18:1,"TG(56:2), TG(57:9)",1115,732.0,18.044233333333334,0.10423333333333318,122.0,108.0,,DOD94_F3,134
"[TG(57:9),TG(56:2)]_FA18:1",11282023_FAD184_F3_WT_hippo_O3on_01,n-9,822.8,633.6,17.91,620.0,hippo,WT,FA18:1,"TG(56:2), TG(57:9)",1116,620.0,17.911,0.028999999999999915,90.0,64.0,,FAD184_F3,138
"[TG(57:9),TG(56:2)]_FA18:1",11282023_FAD185_M4_WT_hippo_O3on_01,n-9,822.8,633.6,17.91,418.0,hippo,WT,FA18:1,"TG(56:2), TG(57:9)",1118,418.0,17.91101666666667,0.028983333333332695,61.0,39.0,,FAD185_M4,142
